$ANSIBLE_VAULT;1.1;AES256
39373938346437396665383439383265353934353764303962653139636435353861366562323063
6330313432656534393239316638643439303432636165370a383331633834663631383863633137
66636665666533316338613862373833613035636631306465376564613336643564343634333164
3361643938336666650a363164336264663436393262656134613431323132373631316332363364
34343936393838303236313431633435623534613432633461323437353463616333333032316437
33653337663830306461363133633632633763383135306234633932383264383736643965383666
38323038653837306365336264373837313766616534353664353633393732393365613864643038
32613032643030393435343838633238323532643335353632636364616165626161383661343935
39303733643239643166376639343630316330616438383438636637663330626135336162346265
63623031623564366436383266653936646238393831643365343334363638366130613338346635
643038636437333938616464653832666664
